1.024
1.017
1.019
1.019
1.019
1.023
1.038
1.031
1.020
1.019
1.022
1.022
1.023
1.021
1.018
1.018
1.025
1.019
1.025
1.020
1.020
1.019
1.019
1.026
1.032
1.024
1.022
1.027
1.032
1.021
1.024
1.017
1.030
1.029
1.220
1.020
1.136
1.021
1.021
1.023
1.021
1.020
1.020
1.020
1.020
1.019
1.025
1.028
1.024
1.022
1.022
1.019
1.022
1.022
1.020
1.023
1.020
1.020
1.020
1.020
1.020
1.021
1.020
1.022
1.023
1.020
1.020
1.026
1.024
1.025
1.022
1.024
1.023
1.020
1.021
1.020
1.021
1.020
1.024
1.019
1.024
1.024
1.022
1.019
1.022
1.024
1.022
1.020
1.019
1.024
1.020
1.021
1.021
1.020
1.022
1.021
1.022
1.022
1.021
1.020
1.019
